1 420.85325245013206 0.29145303560505487 -1368.4415912995883 0.45678344952759287 65.9217959720016
1 420.85325245013206 0.29145303560505487 -1368.4415912995883 0.45678344952759287 65.9217959720016
1 420.85325245013206 0.29145303560505487 -1368.4415912995883 0.45678344952759287 65.9217959720016
1 420.85325245013206 0.29145303560505487 -1368.4415912995883 0.45678344952759287 65.9217959720016
1 420.85325245013206 0.29145303560505487 -1368.4415912995883 0.45678344952759287 65.9217959720016
3 9.344210340529647 0.4079144121253116 -9.51451902974606 0.48901104500921655 -4.713780095308126
3 9.344210340529647 0.4079144121253116 -9.51451902974606 0.48901104500921655 -4.713780095308126
1 -41.18550224376613 67.07359166201796 144.26277705874577 0.41755856102465383 89.2116180365267
1 -41.18550224376613 67.07359166201796 144.26277705874577 0.41755856102465383 89.2116180365267
1 -41.18550224376613 67.07359166201796 144.26277705874577 0.41755856102465383 89.2116180365267
1 -41.18550224376613 67.07359166201796 144.26277705874577 0.41755856102465383 89.2116180365267
1 -41.18550224376613 67.07359166201796 144.26277705874577 0.41755856102465383 89.2116180365267
3 4.776789195206747 0.3773387685543787 4.449006647898229 0.49494836026790273 -2.1072779755442643
3 4.776789195206747 0.3773387685543787 4.449006647898229 0.49494836026790273 -2.1072779755442643
